# This file may be used to create an environment using:
# $ conda create --name <env> --file <this file>
# platform: win-64
blas=1.0=mkl
ca-certificates=2022.12.7=h5b45459_0
certifi=2020.6.20=pyhd3eb1b0_3
colorama=0.4.4=pyh9f0ad1d_0
cycler=0.11.0=pyhd8ed1ab_0
cyvlfeat=0.4.6=py36_0
freeglut=3.2.2=h0e60522_1
freetype=2.12.1=h546665d_0
glob2=0.7=py_0
icc_rt=2022.1.0=h6049295_2
icu=69.1=h0e60522_0
intel-openmp=2023.0.0=h59b6b97_25923
jasper=2.0.33=h77af90b_0
joblib=1.0.1=pyhd3eb1b0_0
jpeg=9e=h8ffe710_2
kiwisolver=1.3.1=py36he95197e_1
lcms2=2.12=h2a16943_0
libblas=3.8.0=20_mkl
libcblas=3.8.0=20_mkl
libclang=13.0.1=default_h81446c8_0
liblapack=3.8.0=20_mkl
liblapacke=3.8.0=20_mkl
libopencv=4.5.2=py36h14c9de7_0
libpng=1.6.37=h1d00b33_4
libprotobuf=3.15.8=h7755175_1
libsvm=331=h63175ca_0
libtiff=4.2.0=h0c97f57_3
libwebp-base=1.2.4=h8ffe710_0
libzlib=1.2.12=h8ffe710_2
lz4-c=1.9.3=h8ffe710_1
matplotlib=3.3.4=py36ha15d459_0
matplotlib-base=3.3.4=py36h1abdf75_0
mkl=2020.2=256
mkl-service=2.3.0=py36h196d8e1_0
mkl_fft=1.3.0=py36h46781fe_0
mkl_random=1.1.1=py36h47e9c7a_0
numpy=1.19.2=py36hadc3359_0
numpy-base=1.19.2=py36ha3acd2a_0
olefile=0.46=pyh9f0ad1d_1
opencv=4.5.2=py36ha15d459_0
openjpeg=2.4.0=hb211442_1
openssl=1.1.1t=hcfcfb64_0
pillow=8.2.0=py36h9cbe6be_1
pip=21.2.2=py36haa95532_0
py-opencv=4.5.2=py36hfacbf0b_0
pyparsing=3.0.9=pyhd8ed1ab_0
pyqt=5.12.3=py36ha15d459_7
pyqt-impl=5.12.3=py36he2d232f_7
pyqt5-sip=4.19.18=py36he2d232f_7
pyqtchart=5.12=py36he2d232f_7
pyqtwebengine=5.12.1=py36he2d232f_7
python=3.6.13=h3758d61_0
python-dateutil=2.8.2=pyhd8ed1ab_0
python_abi=3.6=2_cp36m
qt=5.12.9=h556501e_6
scikit-learn=0.24.2=py36hf11a4ad_1
scipy=1.1.0=py36h4f6bf74_1
setuptools=58.0.4=py36haa95532_0
six=1.16.0=pyhd3eb1b0_1
sqlite=3.41.1=h2bbff1b_0
threadpoolctl=2.2.0=pyh0d69192_0
tk=8.6.12=h8ffe710_0
tornado=6.1=py36h68aa20f_1
tqdm=4.65.0=pyhd8ed1ab_0
ucrt=10.0.22621.0=h57928b3_0
vc=14.2=h21ff451_1
vcomp=1.0=vc14_0
vlfeat=0.9.20=vc14_1
vs2015_runtime=14.34.31931=h4c5c07a_10
wheel=0.37.1=pyhd3eb1b0_0
wincertstore=0.2=py36h7fe50ca_0
xz=5.2.6=h8d14728_0
zlib=1.2.12=h8ffe710_2
zstd=1.5.2=h6255e5f_4
